;0.000;INLB
;0.000;INLB
;0.000;INLB
;0.000;INLB
